f = 193.125 THz + N x 0.00625 THz,
f = 193.125 THz + N x 0.00625 THz,
f = 193.1 THz + N x 'channel spacing (THz)',
