f = 193.1 THz + n x 0.00625 THz,
f = 193.1 THz + n x 0.00625 THz, 
